 113 117 120 121 121 122 120 120 119 119 122 120 119 120 116 108
 122 127 128 129 131 131 130 130 130 129 130 130 130 129 128 123
 122 129 132 132 133 132 133 131 131 131 132 132 131 130 129 122
 123 129 130 131 115 104 115 129 125 112 108 111 124 130 131 122
 122 127 127 105  67  77  65 109 103  64  63  67 110 131 131 122
 123 127 127  87  77 119  68  89  97  75 119 120 127 131 129 124
 123 127 126  84  80 121  70  84  89  62  64  75 121 129 130 123
 122 127 126  82  78 120  69  86  97  80 106  63  95 128 128 124
 122 127 126  83  79 120  68  84 111 109 122  75  86 128 128 121
 123 126 125  88  77 119  62  88  89  71 123  73  89 128 128 122
 122 128 128 105  63  75  60 104 106  62  76  61 109 129 129 123
 120 129 130 126 107  95 107 128 125 108  98 110 127 131 130 122
 121 129 131 130 130 130 131 132 131 129 129 129 131 131 129 121
 121 128 131 131 130 131 132 132 132 132 132 133 132 131 129 122
 120 126 129 131 131 130 130 130 131 130 130 129 128 128 126 120
 117 122 122 123 123 123 122 123 122 121 123 123 124 124 122 114
 127 132 133 133 134 134 134 134 134 134 135 134 133 132 131 123
 135 139 140 141 141 141 141 142 142 142 141 141 141 141 139 135
 135 139 141 142 143 142 141 143 142 142 141 141 142 142 141 134
 135 140 141 142 123 110 120 139 132 118 115 117 133 141 140 136
 135 140 139 115  66  81  62 115 112  61  61  66 113 140 140 135
 134 139 139  92  77 133  68  92 104  75 133 134 139 141 140 136
 134 139 138  89  80 135  70  86  96  60  61  73 130 139 139 134
 134 139 139  85  79 133  68  84 107  83 117  66  96 140 140 135
 133 139 137  87  81 133  67  87 126 120 134  77  86 138 139 134
 132 138 138  92  78 131  64  90  95  71 133  74  92 139 140 134
 132 138 139 113  65  78  58 115 115  62  78  61 115 139 139 133
 133 138 139 138 117 106 119 138 138 119 106 121 140 140 139 133
 134 139 140 139 139 140 140 140 140 141 140 140 141 140 139 133
 133 138 140 140 140 141 140 140 140 140 141 140 140 140 139 132
 130 137 138 139 139 139 139 139 139 139 139 139 139 139 137 130
 126 130 130 132 130 133 131 133 130 129 132 133 134 134 132 127
 131 135 134 136 137 137 137 137 136 136 137 136 135 136 135 128
 137 140 141 142 144 143 143 143 143 143 143 143 143 143 141 137
 136 141 143 143 143 143 142 143 144 143 143 144 144 144 143 137
 135 141 142 142 122 111 121 141 133 119 117 119 135 143 143 137
 135 140 141 114  65  84  62 118 113  61  61  65 116 143 142 137
 136 140 139  92  77 136  70  93 107  76 134 134 140 142 142 137
 136 139 138  86  80 136  71  87 100  60  63  73 131 141 142 136
 135 139 138  84  76 136  69  84 108  83 120  63  95 140 141 137
 136 140 140  87  78 134  68  86 126 123 138  78  86 141 141 136
 135 140 140  90  77 134  61  90  96  70 137  74  91 140 140 134
 136 141 140 113  64  79  58 117 118  60  81  61 115 143 143 136
 135 141 141 140 119 108 120 140 140 121 107 123 142 143 142 136
 136 140 141 142 142 143 143 143 143 142 144 143 143 143 142 136
 135 140 141 143 142 143 143 143 143 143 144 144 144 143 141 135
 133 139 141 140 141 141 142 142 142 142 142 142 141 141 140 134
 130 135 135 136 135 135 135 136 135 134 135 137 136 137 135 132

 108 123 122 122 122 124 123 124 121 122 123 122 121 122 120 114
 116 128 129 131 131 129 130 128 128 128 129 130 129 129 126 122
 120 129 130 130 131 131 129 128 128 128 129 131 131 131 128 124
 119 130 131 124 110 127 121  95  86  89 109 127 131 132 128 124
 120 130 132 111  67 120  75  63  75  73  61 110 129 133 129 123
 122 130 132 108  63 119  64 106 122 123  76  98 129 132 130 123
 119 129 131 112  64  75  62  80 109  71  62 108 129 132 130 121
 119 130 131 125 103  97  89  97 111  89 106 125 131 132 131 122
 120 130 131 129 109  89  84  86  84  88 104 128 132 132 130 123
 120 130 133 115  65  68  70  69  68  62  60 107 131 132 130 122
 122 131 132 104  77 119 121 120 120 119  75  95 130 131 130 123
 121 131 133 115  67  77  80  78  79  77  63 107 130 130 131 123
 121 129 132 131 105  87  84  82  83  88 105 126 130 131 131 123
 120 128 132 130 127 127 126 126 126 125 128 130 131 131 129 122
 117 127 129 129 127 127 127 127 127 126 128 129 129 128 126 122
 113 122 122 123 122 123 123 122 122 123 122 120 121 121 120 117
 123 135 134 136 135 136 134 135 134 134 133 133 133 132 130 127
 131 139 141 140 140 140 139 140 139 140 139 139 139 139 137 132
 132 141 142 141 140 141 139 140 138 139 139 140 140 140 139 134
 133 141 142 133 113 139 130  96  86  92 115 140 141 140 139 134
 134 141 141 117  66 134  73  66  77  74  61 121 140 140 139 133
 135 141 141 115  61 133  61 117 134 133  78 106 140 141 139 132
 134 142 142 118  61  75  60  83 120  71  62 119 141 140 139 129
 134 142 142 132 112 104  96 107 126  95 115 138 140 140 139 130
 134 142 143 139 115  92  86  84  87  90 115 138 140 140 139 133
 134 141 141 120  62  68  70  68  67  64  58 119 140 140 139 131
 134 141 142 110  81 133 135 133 133 131  78 106 140 141 139 133
 134 141 143 123  66  77  80  79  81  78  65 117 139 140 139 130
 133 141 142 142 115  92  89  85  87  92 113 138 139 140 139 132
 133 140 141 141 139 139 138 139 137 138 139 139 140 140 138 130
 132 139 139 140 140 139 139 139 139 138 138 138 139 138 137 130
 127 135 135 135 135 134 134 134 133 132 132 133 134 133 130 126
 128 137 137 137 137 137 136 137 136 134 136 136 136 135 134 132
 135 141 143 143 142 142 142 141 141 140 143 142 142 141 140 135
 136 143 144 143 143 142 141 140 141 140 143 143 143 143 141 137
 135 143 144 135 116 140 131  95  86  91 115 142 143 144 141 136
 136 143 144 119  65 134  73  63  78  74  61 123 143 144 142 137
 137 143 143 117  61 134  63 120 138 137  81 107 144 144 142 135
 136 143 143 119  61  76  60  83 123  70  60 121 142 143 142 134
 136 143 144 133 113 107 100 108 126  96 118 140 143 143 142 135
 137 143 143 141 118  93  87  84  86  90 117 140 143 143 142 136
 137 143 142 121  62  70  71  69  68  61  58 120 143 143 142 135
 137 143 143 111  84 136 136 136 134 134  79 108 143 143 141 135
 137 144 143 122  65  77  80  76  78  77  64 119 142 142 141 135
 136 142 143 142 114  92  86  84  87  90 113 140 142 143 140 136
 134 141 143 142 141 139 138 138 140 140 140 141 141 141 141 135
 135 140 141 141 140 140 139 139 140 140 141 141 140 140 139 135
 131 137 136 135 135 136 136 135 136 135 136 135 136 135 133 130

 114 122 124 124 123 123 121 122 123 122 123 123 123 122 122 117
 120 126 128 128 129 130 130 131 130 130 130 131 131 129 126 120
 122 129 131 132 133 132 132 132 132 132 131 130 131 131 128 121
 121 129 131 131 129 129 129 131 132 131 130 130 130 131 129 121
 122 130 131 127 110  98 108 125 128 107  95 107 126 130 129 120
 123 129 129 109  61  76  62 106 104  60  75  63 105 128 128 122
 122 128 128  89  73 123  71  89  88  62 119  77  88 125 126 123
 121 128 128  86  75 122 109 111  84  68 120  79  83 126 127 122
 124 128 128  95  63 106  80  97  86  69 120  78  82 126 127 122
 123 130 129 121  75  64  62  89  84  70 121  80  84 126 127 123
 124 129 131 127 120 119  75  97  89  68 119  77  87 127 127 123
 122 131 131 110  67  63  64 103 109  65  77  67 105 127 127 122
 122 131 130 124 111 108 112 125 129 115 104 115 131 130 129 123
 122 129 130 131 132 132 131 131 131 133 132 133 132 132 129 122
 123 128 129 130 130 130 129 130 130 130 131 131 129 128 127 122
 108 116 120 119 120 122 119 119 120 120 122 121 121 120 117 113
 127 132 134 134 133 132 129 130 133 131 133 130 132 130 130 126
 130 137 139 139 139 139 139 139 139 139 139 139 139 138 137 130
 132 139 140 140 140 141 140 140 140 140 141 140 140 140 138 133
 133 139 140 141 140 140 141 140 140 140 140 139 139 140 139 134
 133 139 140 140 121 106 119 138 138 119 106 117 138 139 138 133
 133 139 139 115  61  78  62 115 115  58  78  65 113 139 138 132
 134 140 139  92  74 133  71  95  90  64 131  78  92 138 138 132
 134 139 138  86  77 134 120 126  87  67 133  81  87 137 139 133
 135 140 140  96  66 117  83 107  84  68 133  79  85 139 139 134
 134 139 139 130  73  61  60  96  86  70 135  80  89 138 139 134
 136 140 141 139 134 133  75 104  92  68 133  77  92 139 139 134
 135 140 140 113  66  61  61 112 115  62  81  66 115 139 140 135
 136 140 141 133 117 115 118 132 139 120 110 123 142 141 140 135
 134 141 142 142 141 141 142 142 143 141 142 143 142 141 139 135
 135 139 141 141 141 141 142 142 142 141 141 141 141 140 139 135
 123 131 132 133 134 135 134 134 134 134 134 134 133 133 132 127
 132 135 137 136 137 135 134 135 136 135 135 135 136 135 135 130
 134 140 141 141 142 142 142 142 142 142 141 141 140 141 139 133
 135 141 143 144 144 144 143 143 143 143 143 142 143 141 140 135
 136 142 143 143 143 144 142 143 143 143 143 142 142 141 140 136
 136 142 143 142 123 107 121 140 140 120 108 119 140 141 141 135
 136 143 143 115  61  81  60 118 117  58  79  64 113 140 141 136
 134 140 140  91  74 137  70  96  90  61 134  77  90 140 140 135
 136 141 141  86  78 138 123 126  86  68 134  78  87 140 140 136
 137 141 140  95  63 120  83 108  84  69 136  76  84 138 139 135
 136 142 141 131  73  63  60 100  87  71 136  80  86 138 139 136
 137 142 142 140 134 134  76 107  93  70 136  77  92 139 140 136
 137 142 143 116  65  61  61 113 118  62  84  65 114 141 140 135
 137 143 143 135 119 117 119 133 141 121 111 122 142 142 141 135
 137 143 144 144 144 143 143 144 143 142 143 143 143 143 141 136
 137 141 143 143 143 143 143 143 143 143 143 144 142 141 140 137
 128 135 136 135 136 137 136 136 137 137 137 137 136 134 135 131

 117 120 121 121 120 122 123 122 122 123 123 122 123 122 122 113
 122 126 128 129 129 128 126 127 127 127 127 127 129 129 127 117
 122 129 131 131 130 128 125 126 126 126 127 127 130 132 128 120
 123 131 131 130 126 105  88  83  82  84  87 105 131 132 129 121
 123 131 130 130 107  63  77  79  78  80  77  67 115 133 131 121
 123 130 131 130  95  75 119 120 120 121 119  77 104 132 131 122
 122 130 132 131 107  60  62  68  69  70  68  65 115 133 130 120
 123 130 132 132 128 104  88  84  86  84  89 109 129 131 130 120
 122 131 132 131 125 106  89 111  97  89  97 103 125 131 130 119
 121 130 132 129 108  62  71 109  80  62  75  64 112 131 129 119
 123 130 132 129  98  76 123 122 106  64 119  63 108 132 130 122
 123 129 133 129 110  61  73  75  63  75 120  67 111 132 130 120
 124 128 132 131 127 109  89  86  95 121 127 110 124 131 130 119
 124 128 131 131 131 129 128 128 128 129 131 131 130 130 129 120
 122 126 129 129 130 129 128 128 128 130 129 131 131 129 128 116
 114 120 122 121 122 123 122 121 124 123 124 122 122 122 123 108
 126 130 133 134 133 132 132 133 134 134 134 135 135 135 135 127
 130 137 138 139 138 138 138 139 139 139 139 140 140 139 139 132
 130 138 140 140 139 139 138 137 139 138 139 139 141 141 140 133
 132 139 140 139 138 113  92  87  85  89  92 115 142 142 141 133
 130 139 140 139 117  65  78  81  79  80  77  66 123 143 141 134
 133 139 141 140 106  78 131 133 133 135 133  81 110 142 141 134
 131 139 140 140 119  58  64  67  68  70  68  62 120 141 141 134
 133 139 140 140 138 115  90  87  84  86  92 115 139 143 142 134
 130 139 140 140 138 115  95 126 107  96 104 112 132 142 142 134
 129 139 140 141 119  62  71 120  83  60  75  61 118 142 142 134
 132 139 141 140 106  78 133 134 117  61 133  61 115 141 141 135
 133 139 140 140 121  61  74  77  66  73 134  66 117 141 141 134
 134 139 140 141 140 115  92  86  96 130 139 113 133 142 141 133
 134 139 140 140 140 139 139 138 140 139 141 140 141 142 141 132
 132 137 139 139 139 139 140 139 140 139 140 140 140 141 139 131
 127 130 132 133 133 133 134 134 135 134 136 135 136 134 135 123
 130 133 135 136 135 136 135 136 135 136 136 135 135 136 137 131
 135 139 140 140 141 141 140 140 139 139 140 140 141 141 140 135
 135 141 141 141 141 140 140 140 138 138 139 141 142 143 141 134
 136 140 143 142 140 113  90  87  84  86  92 114 142 143 142 136
 135 141 142 142 119  64  77  78  76  80  77  65 122 143 144 137
 135 141 143 143 108  79 134 134 136 136 136  84 111 143 143 137
 135 142 143 143 120  58  61  68  69  71  70  62 121 142 143 137
 136 142 143 143 140 117  90  86  84  87  93 118 141 143 143 137
 135 142 143 143 140 118  96 126 108 100 107 113 133 144 143 136
 134 142 143 142 121  60  70 123  83  60  76  61 119 143 143 136
 135 142 144 144 107  81 137 138 120  63 134  61 117 143 143 137
 137 142 144 143 123  61  74  78  63  73 134  65 119 144 143 136
 136 141 144 143 142 115  91  86  95 131 140 116 135 144 143 135
 137 141 143 143 143 143 140 141 140 141 142 143 143 144 143 136
 135 140 141 142 142 143 140 141 141 142 142 142 143 143 141 135
 132 134 135 136 136 136 134 136 137 136 137 137 137 137 137 128

