 118 124 127 124 126 126 126 124 122 124 126 127 126 125 125 117
 127 133 135 137 137 137 137 137 137 137 136 137 137 136 133 125
 128 135 138 136 137 137 138 139 137 138 137 137 137 138 137 126
 129 135 137 136 119 110 121 137 134 116 108 117 136 137 137 128
 129 135 135 110  68  78  67 121 108  69  82  65 116 137 136 127
 129 135 134  90  77 124  62  98  93  84 126  68  97 133 135 127
 130 135 134  83  81 122  63  95 129 123 102  62 108 134 135 127
 128 135 132  84  83 126  64  97 133 118  77  61 114 135 136 127
 128 135 133  86  81 125  64  96 113 114 128  75  87 134 135 125
 129 136 134  90  77 123  63  99  87  83 126  77  87 133 136 127
 129 135 135 111  65  79  63 118 104  62  78  64 110 136 136 127
 129 136 137 134 114 105 119 135 133 115 103 115 133 137 135 126
 130 136 138 137 136 136 136 137 137 137 137 137 137 137 136 126
 126 135 138 139 139 139 139 140 138 140 139 139 139 138 136 126
 125 134 136 136 138 137 138 137 137 138 137 137 137 136 134 124
 120 125 127 126 127 127 130 130 131 130 131 131 128 127 127 118
 134 138 140 139 141 137 139 137 138 137 137 139 138 137 137 130
 138 145 145 146 146 146 146 146 146 146 146 146 146 145 144 138
 140 145 147 146 147 146 146 146 147 147 146 146 146 146 146 138
 139 145 147 145 125 113 128 144 145 125 112 125 145 146 145 138
 138 145 145 118  64  81  65 128 116  66  86  65 120 144 145 138
 138 144 144  97  77 137  66 105 103  86 139  72 101 144 146 138
 138 143 143  89  80 135  66  98 141 135 108  60 116 145 144 138
 139 143 142  89  81 137  67 100 142 129  79  63 119 143 144 137
 138 143 143  88  80 136  66  99 123 122 139  79  87 143 144 137
 138 144 144  96  77 135  64 103  92  81 138  78  89 143 144 136
 138 144 144 119  67  81  63 127 115  65  80  63 115 144 145 136
 138 144 145 144 124 113 129 143 143 122 111 126 144 145 144 137
 137 143 145 146 145 144 146 146 145 146 145 145 147 146 144 136
 138 143 145 146 146 146 146 146 146 146 146 146 145 145 144 137
 135 142 144 144 144 143 144 144 144 144 144 144 143 143 142 135
 128 134 135 133 133 134 137 138 138 137 137 139 136 137 136 129
 131 135 137 137 138 135 137 136 135 135 135 137 136 136 135 129
 135 142 142 143 143 144 142 144 145 144 144 144 144 143 142 136
 136 142 143 144 145 143 144 144 145 144 143 144 144 144 142 136
 137 143 144 143 122 109 126 143 142 121 109 121 143 144 144 137
 135 143 142 115  61  77  60 124 113  62  82  59 115 143 143 136
 136 141 140  92  72 134  62  99  99  82 136  66  94 142 142 137
 136 142 142  83  76 133  62  94 139 133 107  58 111 143 142 136
 135 142 140  84  77 135  62  93 139 126  77  56 116 142 142 135
 134 141 140  86  76 134  61  92 121 120 138  77  82 141 143 135
 135 142 142  92  71 133  61  99  89  75 136  77  84 141 143 135
 136 142 142 115  61  79  59 124 112  60  77  60 112 143 143 135
 135 142 143 141 121 107 126 142 141 121 109 122 142 144 143 135
 135 142 144 144 144 143 144 145 144 143 143 144 143 144 143 135
 135 142 144 145 144 144 144 145 145 144 144 144 144 144 143 135
 133 140 142 143 143 142 143 143 143 143 143 143 142 142 141 133
 126 131 133 132 132 133 137 138 137 135 136 137 135 137 135 129

 117 125 126 128 127 127 127 127 125 127 127 126 126 126 124 118
 125 133 137 137 136 135 135 136 135 136 136 135 136 136 134 127
 125 136 138 137 137 133 134 135 134 133 136 137 137 138 136 127
 126 137 137 136 116  97 108 114  87  87 110 133 137 139 137 128
 127 137 137 117  65  68  62  61  75  77  64 115 137 139 137 131
 126 136 137 108  82 126 102  77 128 126  78 103 137 139 137 131
 124 137 138 116  69  84 123 118 114  83  62 115 137 140 138 130
 122 137 137 134 108  93 129 133 113  87 104 133 137 138 137 131
 124 137 139 137 121  98  95  97  96  99 118 135 137 140 137 130
 126 137 138 121  67  62  63  64  64  63  63 119 136 139 138 130
 126 137 137 110  78 124 122 126 125 123  79 105 136 139 137 127
 126 137 137 119  68  77  81  83  81  77  65 114 136 139 138 127
 124 137 136 136 110  90  83  84  86  90 111 134 137 139 136 126
 127 135 138 137 135 134 134 132 133 134 135 137 138 138 136 127
 124 133 135 135 135 135 135 135 135 136 135 136 136 135 134 125
 118 127 128 129 129 129 130 128 128 129 129 129 130 126 125 120
 130 138 138 138 138 138 138 137 137 136 136 137 136 137 135 129
 137 144 146 145 145 146 144 144 144 144 145 144 144 144 142 136
 137 145 146 146 144 144 145 143 143 143 144 145 146 145 143 137
 138 146 146 145 120 101 116 119  87  89 115 144 147 145 143 136
 139 146 146 125  65  72  60  63  79  78  63 126 145 146 144 139
 137 146 146 112  86 139 108  79 139 138  80 111 145 146 144 137
 137 146 147 125  66  86 135 129 122  81  65 122 146 146 144 137
 138 146 147 145 116 103 141 142 123  92 115 143 145 146 144 138
 137 146 146 144 128 105  98 100  99 103 127 143 146 146 144 138
 139 146 146 128  65  66  66  67  66  64  63 129 146 146 144 137
 137 146 146 113  81 137 135 137 136 135  81 113 144 146 143 134
 141 146 147 125  64  77  80  81  80  77  67 124 145 146 144 133
 139 146 146 145 118  97  89  89  88  96 119 144 146 146 144 133
 140 145 147 147 145 144 143 142 143 144 144 145 145 145 144 135
 138 145 145 145 145 144 143 143 143 144 144 144 143 143 142 134
 134 138 140 139 138 138 138 139 138 138 138 138 137 138 135 128
 129 136 136 137 136 137 136 135 135 135 135 135 135 135 133 129
 135 142 142 144 143 142 142 142 143 143 143 143 143 143 141 135
 136 143 144 144 143 142 143 142 141 141 143 144 144 144 142 137
 136 144 144 143 115  94 111 116  82  84 112 142 143 144 142 135
 137 144 144 121  59  66  58  56  77  77  60 122 144 144 143 137
 135 144 143 109  82 136 107  77 138 136  77 109 143 144 143 136
 135 144 144 121  62  82 133 126 120  75  60 121 143 144 143 135
 135 145 145 142 113  99 139 139 121  89 112 141 144 145 143 137
 136 144 144 143 124  99  94  93  92  99 124 142 145 145 143 138
 137 142 144 126  60  62  62  62  61  61  59 126 144 144 143 137
 135 144 143 109  77 134 133 135 134 133  79 107 143 144 142 133
 138 143 145 122  61  72  76  77  76  71  61 121 144 144 143 132
 137 143 144 143 115  92  83  84  86  92 115 141 144 145 143 132
 137 142 143 144 142 140 142 140 140 142 142 143 144 144 142 133
 135 142 142 143 143 141 142 142 141 142 142 142 142 142 140 131
 131 135 136 137 135 136 136 135 134 135 136 135 135 135 133 126

 118 127 127 128 131 131 130 131 130 130 127 127 126 127 125 120
 124 134 136 137 137 137 138 137 137 138 137 138 136 136 134 125
 126 136 138 139 139 139 140 138 140 139 139 139 139 138 135 126
 126 136 137 137 137 137 137 137 137 136 136 136 137 138 136 130
 126 135 137 133 115 103 115 133 135 119 105 114 134 137 136 129
 127 136 136 110  64  78  62 104 118  63  79  65 111 135 135 129
 127 136 133  87  77 126  83  87  99  63 123  77  90 134 136 129
 125 135 134  87  75 128 114 113  96  64 125  81  86 133 135 128
 127 136 135 114  61  77 118 133  97  64 126  83  84 132 135 128
 127 135 134 108  62 102 123 129  95  63 122  81  83 134 135 130
 127 135 133  97  68 126  84  93  98  62 124  77  90 134 135 129
 127 136 137 116  65  82  69 108 121  67  78  68 110 135 135 129
 128 137 137 136 117 108 116 134 137 121 110 119 136 137 135 129
 126 137 138 137 137 137 138 137 139 138 137 137 136 138 135 128
 125 133 136 137 137 136 137 137 137 137 137 137 137 135 133 127
 117 125 125 126 127 126 124 122 124 126 126 126 124 127 124 118
 129 136 137 136 139 137 137 138 138 137 134 133 133 135 134 128
 135 142 143 143 144 144 144 144 144 144 143 144 144 144 142 135
 137 144 145 145 146 146 146 146 146 146 146 146 146 145 143 138
 136 144 146 147 145 145 146 145 146 146 144 145 146 145 143 137
 137 144 145 144 126 111 122 143 143 129 113 124 144 145 144 138
 136 145 144 115  63  80  65 115 127  63  81  67 119 144 144 138
 136 144 143  89  78 138  81  92 103  64 135  77  96 144 144 138
 137 144 143  87  79 139 122 123  99  66 136  80  88 143 143 138
 137 144 143 119  63  79 129 142 100  67 137  81  89 142 143 139
 138 144 145 116  60 108 135 141  98  66 135  80  89 143 143 138
 138 146 144 101  72 139  86 103 105  66 137  77  97 144 144 138
 138 145 144 120  65  86  66 116 128  65  81  64 118 145 145 138
 138 145 146 145 125 112 125 145 144 128 113 125 145 147 145 139
 138 146 146 146 146 146 147 147 146 146 146 147 146 147 145 140
 138 144 145 146 146 146 146 146 146 146 146 146 146 145 145 138
 130 137 137 138 139 137 137 138 137 139 137 141 139 140 138 134
 129 135 137 135 137 136 135 137 138 137 133 132 132 133 131 126
 133 141 142 142 143 143 143 143 143 143 142 143 143 142 140 133
 135 143 144 144 144 144 144 145 145 144 144 144 145 144 142 135
 135 143 144 143 144 143 143 144 145 144 143 144 144 144 142 135
 135 143 144 142 122 109 121 141 142 126 107 121 141 143 142 135
 135 143 143 112  60  77  60 112 124  59  79  61 115 142 142 136
 135 143 141  84  77 136  75  89  99  61 133  71  92 142 142 135
 135 143 141  82  77 138 120 121  92  61 134  76  86 140 141 134
 135 142 142 116  56  77 126 139  93  62 135  77  84 140 142 135
 136 142 143 111  58 107 133 139  94  62 133  76  83 142 142 136
 137 142 142  94  66 136  82  99  99  62 134  72  92 140 141 136
 136 143 143 115  59  82  62 113 124  60  77  61 115 142 143 135
 137 144 144 143 121 109 121 142 143 126 109 122 143 144 143 137
 136 142 144 144 144 143 144 145 144 144 143 145 144 143 142 136
 136 142 143 144 144 144 144 145 144 142 144 143 143 142 142 135
 129 135 136 136 137 135 135 135 136 137 135 138 137 137 135 131

 120 125 126 130 129 129 129 128 128 130 129 129 129 128 127 118
 125 134 135 136 136 135 136 135 135 135 135 135 135 135 133 124
 127 136 138 138 137 135 134 133 132 134 134 135 137 138 135 127
 126 136 139 137 134 111  90  86  84  83  90 110 136 136 137 124
 127 138 139 136 114  65  77  81  83  81  77  68 119 137 137 126
 127 137 139 136 105  79 123 125 126 122 124  78 110 137 137 126
 130 138 139 136 119  63  63  64  64  63  62  67 121 138 137 126
 130 137 140 137 135 118  99  96  97  95  98 121 137 139 137 124
 131 137 138 137 133 104  87 113 133 129  93 108 134 137 137 122
 130 138 140 137 115  62  83 114 118 123  84  69 116 138 137 124
 131 137 139 137 103  78 126 128  77 102 126  82 108 137 136 126
 131 137 139 137 115  64  77  75  61  62  68  65 117 137 137 127
 128 137 139 137 133 110  87  87 114 108  97 116 136 137 137 126
 127 136 138 137 137 136 133 134 135 134 133 137 137 138 136 125
 127 134 136 136 135 136 136 135 136 135 135 136 137 137 133 125
 118 124 126 126 126 127 127 125 127 127 127 127 128 126 125 117
 128 135 138 137 138 138 138 138 139 138 138 138 139 140 138 134
 134 142 143 143 144 144 144 143 143 143 144 145 145 145 145 138
 135 144 145 145 145 144 144 143 142 143 144 145 147 147 145 140
 133 144 146 146 144 119  96  88  89  89  97 118 145 146 146 139
 133 144 146 145 124  67  77  80  81  80  77  64 125 147 146 141
 134 143 146 144 113  81 135 136 137 135 137  81 113 146 146 137
 137 144 146 146 129  63  64  66  67  66  66  65 128 146 146 139
 138 144 146 146 143 127 103  99 100  98 105 128 144 146 146 137
 138 144 146 145 143 115  92 123 142 141 103 116 145 147 146 138
 137 144 146 146 122  65  81 122 129 135  86  66 125 147 146 137
 137 144 146 145 111  80 138 139  79 108 139  86 112 146 146 137
 139 144 146 145 126  63  78  79  63  60  72  65 125 146 146 139
 136 143 145 147 144 115  89  87 119 116 101 120 145 146 146 138
 137 143 145 146 145 144 143 143 143 145 144 144 146 146 145 137
 136 142 144 144 144 145 144 144 144 144 146 145 145 146 144 137
 129 135 137 136 137 136 136 137 137 138 138 138 138 138 138 130
 126 133 135 135 135 136 135 134 135 136 136 135 137 136 135 131
 131 140 142 142 142 142 142 141 142 142 141 143 143 142 142 135
 133 142 144 144 143 142 142 140 140 142 140 142 144 143 142 137
 132 143 145 144 141 115  92  86  84  83  92 115 143 144 143 137
 132 143 144 144 121  61  71  76  77  76  72  61 122 145 143 138
 133 142 144 143 107  79 133 134 135 133 134  77 109 143 144 135
 137 143 144 144 126  59  61  61  62  62  62  60 126 144 142 137
 138 143 145 145 142 124  99  92  93  94  99 124 143 144 144 136
 137 143 145 144 141 112  89 121 139 139  99 113 142 145 145 135
 135 143 144 143 121  60  75 120 126 133  82  62 121 144 144 135
 136 143 144 143 109  77 136 138  77 107 136  82 109 143 144 135
 137 143 144 144 122  60  77  77  56  58  66  59 121 144 144 137
 135 142 144 143 142 112  84  82 116 111  94 115 143 144 144 136
 137 142 144 144 144 143 141 141 142 143 142 143 144 144 143 136
 135 141 143 143 143 143 143 143 142 142 142 143 144 142 142 135
 129 133 135 135 135 135 135 135 135 136 137 136 137 136 136 129

