 118 118 122 122 122 123 122 123 123 120 120 120 121 120 118 113
 123 130 132 133 132 132 132 133 134 134 134 133 133 134 131 126
 124 130 133 133 134 133 134 134 135 135 134 134 135 135 134 125
 127 131 132 131 110 102 116 131 135 135 115 122 133 135 134 125
 124 129 130 107  62  72  63 115 126 110  68 101 132 135 133 125
 125 129 128  86  72 117  63  95  92  64  52  98 132 135 132 126
 123 129 128  83  77 120  64  90 126 121  63  98 132 134 132 126
 121 129 127  81  78 121  61  91 129 126  66  98 133 135 134 125
 120 128 127  82  74 120  65  95 130 127  67  98 131 134 133 126
 120 128 127  88  73 119  63  98 129 126  67  94 131 134 133 126
 121 128 128 102  63  70  58 117 131 129  70  94 131 134 133 126
 120 128 130 127 109  97 114 131 132 130 115 123 133 134 132 125
 120 128 130 130 131 131 132 133 134 133 133 134 135 133 132 125
 119 128 130 131 132 131 132 133 134 133 133 133 133 133 132 124
 117 127 128 129 129 130 130 131 131 131 132 132 133 132 130 122
 111 119 119 120 119 120 121 122 123 126 124 124 125 123 122 115
 128 132 134 134 135 135 135 135 135 137 135 135 134 135 134 130
 135 140 142 142 143 143 143 143 144 143 143 143 143 143 142 137
 137 140 142 143 142 142 143 144 144 145 144 144 144 144 143 136
 137 140 141 142 120 105 121 140 142 144 123 127 143 144 143 139
 135 140 140 114  59  77  60 122 137 117  66 103 142 144 143 137
 135 139 138  89  72 133  63  99  98  64  53 102 141 144 143 137
 135 138 138  85  76 132  63  93 137 135  65 101 141 144 144 137
 131 138 137  84  78 133  62  95 140 137  67 102 142 143 143 137
 130 138 138  84  75 133  62  98 139 137  67 101 141 143 142 137
 131 138 137  90  73 130  61 104 140 138  68  97 141 143 142 136
 130 138 137 110  62  70  58 125 140 139  70  96 143 143 142 136
 129 137 139 137 119 108 126 140 141 139 124 132 143 143 141 136
 129 137 139 139 140 140 141 141 142 142 142 142 143 142 141 135
 129 137 139 140 140 140 140 141 140 142 141 142 142 142 140 135
 128 137 137 138 138 139 139 139 139 140 140 140 140 140 138 132
 120 130 128 130 130 129 130 130 133 135 133 134 134 132 131 125
 138 141 142 142 143 143 142 142 142 143 141 142 143 142 142 135
 143 148 149 149 150 150 150 150 151 151 152 151 151 150 149 144
 143 149 150 149 150 150 150 151 151 151 152 152 152 152 150 143
 143 148 150 149 128 114 130 149 150 150 130 134 150 153 151 146
 143 148 147 121  65  83  66 131 142 126  71 108 150 153 152 145
 143 147 146  94  79 140  67 105 106  71  58 109 150 152 151 146
 142 147 147  92  83 142  68  98 145 143  68 108 150 151 151 146
 140 147 147  89  82 142  66  98 146 146  68 108 150 152 152 145
 140 147 146  89  80 141  66 102 148 146  72 106 149 152 151 145
 139 145 146  97  77 139  67 109 148 146  71 104 149 152 151 145
 139 146 146 116  65  79  64 133 149 147  75 103 150 152 151 144
 139 146 147 147 128 116 134 148 149 149 131 141 152 152 150 144
 139 146 148 148 148 149 150 150 151 150 150 151 152 151 150 143
 138 146 148 148 149 149 149 150 150 151 151 151 152 151 149 144
 139 144 146 147 148 148 149 149 149 149 149 149 149 150 149 143
 132 137 138 139 140 140 141 140 143 144 145 143 144 143 141 136

 113 126 125 125 125 126 126 125 126 126 126 125 125 124 122 115
 118 131 134 134 133 132 132 134 133 133 133 132 132 132 130 122
 120 134 135 135 135 135 134 135 134 134 134 134 133 133 132 123
 121 133 135 133 132 132 132 133 131 131 131 133 135 133 133 125
 120 133 134 122 101  98  98  98  98  94  94 123 134 133 132 124
 120 134 134 115  68  52  63  66  67  67  70 115 133 133 132 124
 120 134 135 135 110  64 121 126 127 126 129 130 133 133 131 126
 123 134 135 135 126  92 126 129 130 129 131 132 134 134 131 123
 123 133 134 131 115  95  90  91  95  98 117 131 133 133 131 122
 122 132 134 116  63  63  64  61  65  63  58 114 132 132 130 121
 123 132 133 102  72 117 120 121 120 119  70  97 131 131 130 120
 122 132 134 110  62  72  77  78  74  73  63 109 131 132 129 119
 122 133 133 131 107  86  83  81  82  88 102 127 130 131 129 120
 122 132 133 132 130 128 128 127 127 127 128 130 130 130 128 119
 118 130 130 131 129 129 129 129 128 128 128 128 128 128 127 119
 118 123 124 127 124 125 123 121 120 120 121 120 120 119 117 111
 130 137 136 139 137 137 137 137 137 136 136 136 135 135 132 125
 134 142 143 143 143 143 144 143 142 142 142 141 141 140 138 131
 135 143 144 144 144 144 144 143 143 143 143 143 142 142 140 132
 134 143 144 143 142 141 141 142 141 141 143 143 143 142 140 134
 135 143 144 127 103 102 101 102 101  97  96 132 142 142 140 134
 135 143 144 123  66  53  65  67  67  68  70 124 142 141 140 133
 137 143 145 144 117  64 135 137 137 138 139 139 142 142 140 135
 135 144 144 142 137  98 137 140 139 140 140 141 142 140 139 133
 135 143 144 140 122  99  93  95  98 104 125 140 141 141 139 130
 135 143 143 121  60  63  63  62  62  61  58 126 141 140 139 130
 135 143 142 105  77 133 132 133 133 130  70 108 140 140 139 129
 135 143 142 120  59  72  76  78  75  73  62 119 140 140 138 130
 134 142 143 142 114  89  85  84  84  90 110 137 139 140 138 130
 134 142 142 141 140 138 138 137 138 137 137 139 139 139 137 128
 132 140 140 140 140 139 138 138 138 138 138 137 137 137 137 130
 128 135 137 137 135 135 135 131 130 131 130 129 129 129 128 120
 135 144 143 146 145 146 146 145 145 145 144 144 143 144 143 136
 142 149 150 151 152 151 151 152 151 151 151 150 150 149 149 141
 142 150 152 153 153 152 151 152 152 152 152 152 151 151 150 143
 143 151 152 150 150 150 150 150 149 149 150 152 152 152 149 144
 142 151 152 134 108 109 108 108 106 104 103 141 151 151 149 143
 141 152 152 130  71  58  68  68  72  71  75 131 150 151 149 145
 143 151 151 150 126  71 143 146 146 146 147 149 150 151 149 144
 142 151 151 150 142 106 145 146 148 148 149 149 151 150 149 143
 142 150 151 149 131 105  98  98 102 109 133 148 150 150 149 140
 142 150 150 130  66  67  68  66  66  67  64 134 150 149 149 141
 143 150 150 114  83 140 142 142 141 139  79 116 149 149 148 140
 143 150 150 128  65  79  83  82  80  77  65 128 148 149 148 140
 142 149 149 149 121  94  92  89  89  97 116 147 148 148 147 139
 142 149 150 150 147 146 147 147 146 146 146 147 148 148 146 138
 141 148 149 148 148 147 147 147 147 145 146 146 146 146 144 137
 138 143 143 143 143 143 142 140 140 139 139 139 139 138 139 132

 115 122 123 125 124 124 126 123 122 121 120 119 120 119 119 111
 122 130 132 133 132 132 131 131 131 130 130 129 129 128 127 117
 124 132 133 133 133 133 133 134 133 132 131 132 131 130 128 119
 125 132 133 135 134 133 133 134 133 132 131 131 130 130 128 120
 125 132 134 133 123 115 130 132 131 114  97 109 127 130 128 120
 126 133 134 131  94  70 129 131 117  58  70  63 102 128 128 121
 126 133 134 131  94  67 126 129  98  63 119  73  88 127 128 120
 126 133 134 131  98  67 127 130  95  65 120  74  82 127 128 120
 125 134 135 133  98  66 126 129  91  61 121  78  81 127 129 121
 126 132 134 132  98  63 121 126  90  64 120  77  83 128 129 123
 126 132 135 132  98  52  64  92  95  63 117  72  86 128 129 125
 125 133 135 132 101  68 110 126 115  63  72  62 107 130 129 124
 125 134 135 133 122 115 135 135 131 116 102 110 131 132 131 127
 125 134 135 135 134 134 135 135 134 134 133 134 133 133 130 124
 126 131 134 133 133 134 134 134 133 132 132 132 133 132 130 123
 113 118 120 121 120 120 120 123 123 122 123 122 122 122 118 118
 125 131 132 134 134 133 135 133 130 130 129 130 130 128 130 120
 132 138 140 140 140 140 140 139 139 139 139 138 138 137 137 128
 135 140 142 142 142 141 142 140 141 140 140 140 140 139 137 129
 135 141 142 143 142 142 142 142 141 141 140 140 139 139 137 129
 136 141 143 143 132 124 139 141 140 126 108 119 137 139 137 129
 136 142 143 143  96  70 139 140 125  58  70  62 110 137 138 130
 136 142 143 141  97  68 138 140 104  61 130  73  90 137 138 131
 137 142 143 141 101  67 137 139  98  62 133  75  84 138 138 130
 137 143 143 142 102  67 137 140  95  62 133  78  84 137 138 131
 137 144 144 141 101  65 135 137  93  63 132  76  85 138 138 135
 137 143 144 141 102  53  64  98  99  63 133  72  89 138 139 135
 137 143 144 142 103  66 117 137 122  60  77  59 114 140 140 135
 139 143 144 143 127 123 144 142 140 121 105 120 142 141 140 137
 136 143 144 144 144 144 145 144 144 143 142 142 143 142 140 137
 137 142 143 143 143 143 143 144 143 143 143 143 142 142 140 135
 130 134 135 134 135 135 137 135 135 135 135 135 134 134 132 128
 136 141 143 144 143 145 144 143 140 141 140 140 139 138 137 132
 143 149 150 149 149 149 149 149 149 149 148 148 147 146 144 139
 144 149 151 152 151 151 151 150 150 149 149 149 148 148 146 138
 143 150 151 152 151 150 150 151 150 150 149 148 148 148 146 139
 144 150 152 152 141 131 149 149 148 134 116 128 147 147 146 139
 144 151 152 150 103  75 147 149 133  64  79  65 116 146 146 139
 145 151 152 149 104  71 146 148 109  67 139  77  97 146 145 139
 145 151 152 149 106  72 146 148 102  66 141  80  89 146 147 140
 145 152 152 150 108  68 146 146  98  66 142  82  89 147 147 140
 146 151 151 150 108  68 143 145  98  68 142  83  92 147 147 142
 146 151 152 150 109  58  71 106 105  67 140  79  94 146 147 143
 145 152 153 150 108  71 126 142 131  66  83  65 121 147 148 143
 146 151 153 150 134 130 150 150 149 130 114 128 149 150 148 143
 143 150 152 152 152 152 151 151 151 150 150 150 149 150 149 143
 144 149 150 151 151 152 151 151 150 150 150 150 149 149 148 143
 135 142 142 143 142 141 143 142 142 142 143 143 142 142 141 138

 111 117 119 120 120 121 120 120 121 123 125 124 127 124 123 118
 119 127 128 128 128 128 128 128 129 129 129 129 131 130 130 118
 119 128 130 130 130 128 127 127 127 128 128 130 132 133 132 122
 120 129 131 130 127 102  88  82  81  83  86 107 131 133 133 122
 119 129 132 131 109  63  73  74  78  77  72  62 110 134 132 122
 120 130 131 131  97  70 119 120 121 120 117  72 102 133 132 123
 121 130 132 132 114  58  63  65  61  64  63  63 116 134 132 122
 122 131 133 133 131 117  98  95  91  90  95 115 131 134 133 123
 123 131 134 134 132 131 129 130 129 126  92 126 135 135 134 123
 126 131 133 133 130 129 126 127 126 121  64 110 135 135 134 120
 124 132 133 133 115  70  67  67  66  63  52  68 115 134 134 120
 124 132 133 134 123  94  94  98  98  98  98 101 122 134 133 120
 125 133 133 135 133 131 131 131 133 132 132 132 133 135 133 121
 123 132 133 133 134 134 134 134 135 134 135 135 135 135 134 120
 122 130 132 132 132 133 133 133 134 132 132 133 134 134 131 118
 115 122 124 125 125 126 126 126 125 126 126 125 125 125 126 113
 120 128 129 129 129 130 131 130 131 135 135 135 137 137 135 128
 130 137 137 137 137 138 138 138 138 138 139 140 140 140 140 132
 128 137 139 139 139 137 137 138 137 138 138 140 141 142 142 134
 130 138 140 139 137 110  90  84  84  85  89 114 142 143 142 134
 130 138 140 140 119  62  73  75  78  76  72  59 120 142 143 135
 129 139 140 140 108  70 130 133 133 132 133  77 105 142 143 135
 130 139 140 141 126  58  61  62  62  63  63  60 121 143 143 135
 130 139 141 141 140 125 104  98  95  93  99 122 140 144 143 135
 133 139 140 142 141 140 140 139 140 137  98 137 142 144 144 135
 135 140 142 142 139 139 138 137 137 135  64 117 144 145 143 137
 133 140 141 142 124  70  68  67  67  65  53  66 123 144 143 135
 134 140 142 142 132  96  97 101 102 101 102 103 127 144 143 135
 134 140 142 143 143 143 141 141 142 141 141 142 143 144 143 134
 132 140 142 142 143 143 143 143 143 144 144 144 144 144 143 135
 131 138 140 141 141 142 142 142 143 144 143 143 143 143 142 134
 125 132 135 135 136 136 136 137 137 137 137 137 139 136 137 130
 132 139 138 139 139 139 139 140 140 142 143 143 143 143 143 138
 137 144 146 146 146 146 145 147 147 147 147 148 148 149 148 141
 138 146 148 148 147 146 146 146 147 147 146 147 150 150 149 142
 139 147 148 148 147 116  97  89  89  92  94 121 149 149 149 142
 140 148 149 148 128  65  77  80  82  83  79  65 128 150 150 143
 140 148 149 149 116  79 139 141 142 142 140  83 114 150 150 143
 141 149 149 150 134  64  67  66  66  68  67  66 130 150 150 142
 140 149 150 150 148 133 109 102  98  98 105 131 149 151 150 142
 143 149 150 151 149 149 148 148 146 145 106 142 150 151 151 142
 144 149 151 150 149 147 146 146 146 143  71 126 150 151 151 143
 145 149 151 150 131  75  71  72  68  68  58  71 130 152 152 141
 143 149 151 151 141 103 104 106 108 108 109 108 134 152 151 142
 144 149 152 152 152 150 149 149 150 150 150 150 150 152 151 143
 143 150 151 151 152 152 152 152 152 151 152 153 153 152 150 142
 141 149 149 150 150 151 151 151 152 151 151 152 151 150 149 142
 136 143 144 143 144 144 145 145 145 146 146 145 146 143 144 135

