 124 127 128 127 127 128 126 127 127 128 128 128 126 128 126 118
 131 136 138 140 140 139 140 139 139 139 140 139 138 138 137 127
 132 138 140 141 142 141 141 141 141 141 141 141 140 141 139 132
 130 139 140 140 126 117 126 138 139 124 115 122 138 141 139 130
 133 139 139 117  73  82  73 122 119  70  84  69 114 139 139 130
 133 139 137  97  80 127  69 100  96  79 129  75  95 137 138 131
 133 138 136  93  84 130  75  97 122 123 126  70 102 137 140 130
 132 137 136  93  82 129  72  98 136 128  82  77 127 140 139 129
 132 136 136  93  81 129  74  98 133  86  73 123 138 141 140 129
 132 137 138  97  80 128  73  99 111  63 114 132 138 140 138 130
 132 138 138 115  68  86  68 117  95  63  69  76 106 140 139 130
 131 138 139 137 117 101 119 136 122 107 106 110 123 140 140 131
 130 138 140 141 139 140 141 140 140 140 140 141 140 141 139 129
 132 139 140 141 141 141 142 141 141 140 142 141 142 141 138 129
 131 137 139 139 140 140 141 141 140 140 140 139 140 139 137 128
 126 130 131 132 134 133 132 133 133 135 134 137 136 134 135 123
 135 139 141 140 143 140 141 141 141 140 139 139 140 139 138 130
 141 147 149 150 150 150 151 150 149 149 150 149 150 149 147 138
 141 148 150 150 150 150 150 150 150 149 150 151 151 151 150 141
 140 148 150 149 131 119 134 148 148 131 118 131 147 149 148 141
 142 148 147 125  70  82  70 131 126  67  84  67 116 148 148 140
 143 147 146 102  80 140  73 105 104  78 142  80  95 148 148 140
 143 146 146  96  84 141  77 100 134 134 137  72 105 148 148 141
 142 146 145  95  82 141  75 100 145 139  83  77 138 148 148 139
 141 146 146  96  81 141  74 101 142  88  73 133 147 149 148 139
 143 147 146 101  78 140  72 104 121  64 121 143 146 149 148 140
 143 147 147 124  69  86  68 127 103  65  70  76 105 147 149 140
 143 148 148 146 125 110 128 146 131 118 117 120 133 149 148 139
 141 147 148 149 148 148 148 150 148 148 148 148 149 150 148 138
 142 146 148 149 149 149 150 149 150 150 149 150 149 149 147 138
 142 145 147 147 147 147 147 148 148 148 147 147 147 147 145 137
 137 140 139 140 141 140 141 142 141 143 142 143 143 142 140 133
 137 139 142 140 141 139 142 141 142 141 140 141 141 141 140 132
 141 147 147 148 148 149 149 148 149 149 149 149 149 149 148 139
 141 147 149 149 149 149 149 149 150 150 149 149 149 149 148 140
 141 149 149 149 130 119 133 148 148 132 118 129 146 150 149 141
 143 148 148 124  67  83  69 129 125  66  86  67 116 148 148 141
 144 147 147 100  79 141  73 104 102  79 143  78  94 147 147 141
 143 147 146  94  82 142  74  99 133 134 138  69 104 149 148 141
 142 146 146  94  81 141  73 100 145 139  85  76 138 149 147 140
 142 146 146  95  79 141  73 100 142  88  72 133 148 149 148 141
 143 146 147  98  77 140  73 104 121  61 123 145 147 149 148 140
 142 146 146 121  66  86  65 126 102  60  69  76 104 148 149 141
 143 148 148 147 125 109 128 146 131 118 118 120 132 148 149 139
 142 147 149 149 149 149 149 149 150 150 149 149 149 149 148 139
 142 147 149 149 149 149 150 150 149 149 150 150 149 149 148 140
 140 145 147 148 148 149 149 148 149 149 149 149 149 147 146 137
 139 142 142 142 143 142 143 142 143 145 146 145 144 144 143 136

 118 127 132 130 130 131 130 129 129 130 130 131 129 129 128 123
 126 137 139 139 139 138 140 139 140 138 139 140 139 138 137 135
 128 138 141 141 139 137 137 140 141 140 140 140 141 141 139 134
 126 138 140 138 114  95 102 127 138 138 106 123 140 142 140 136
 128 139 141 122  69  75  70  77 123 132  76 110 141 141 139 137
 128 140 141 115  84 129 126  82  73 114  69 106 140 142 140 134
 128 139 141 124  70  79 123 128  86  63  63 107 140 140 140 135
 127 139 141 139 119  96 122 136 133 111  95 122 140 141 140 133
 127 139 141 138 122 100  97  98  98  99 117 136 140 141 141 133
 126 140 141 126  73  69  75  72  74  73  68 119 141 142 141 132
 128 139 141 117  82 127 130 129 129 128  86 101 140 141 140 133
 127 140 142 126  73  80  84  82  81  80  68 117 139 141 140 134
 127 140 141 140 117  97  93  93  93  97 115 137 141 141 139 132
 128 138 140 140 139 137 136 136 136 138 138 139 140 140 139 131
 127 136 138 139 139 139 138 137 136 137 138 138 138 139 137 130
 124 131 132 130 133 133 133 132 132 132 132 131 130 132 131 126
 130 138 141 141 140 140 141 139 139 140 140 139 138 138 137 133
 138 147 150 148 148 148 148 148 148 148 149 148 148 147 145 140
 139 149 151 149 148 148 148 148 149 149 147 149 150 149 147 142
 140 150 151 147 116  95 105 138 147 146 105 133 149 149 147 143
 139 149 151 131  67  80  72  77 133 143  76 120 148 150 147 143
 139 150 150 118  84 142 137  83  73 121  70 117 148 149 147 142
 140 149 149 131  67  78 134 139  88  64  65 118 148 150 148 143
 141 149 150 148 126 104 134 145 142 121 103 131 148 150 148 141
 141 150 150 148 131 105 100 100 101 104 127 146 150 149 148 142
 141 151 150 134  70  73  77  75  74  72  68 128 148 150 147 141
 140 150 150 119  82 140 141 141 141 140  86 110 148 149 147 140
 143 150 150 131  70  80  84  82  81  78  69 125 148 149 147 141
 140 150 150 149 125 102  96  95  96 101 124 146 149 149 147 140
 141 149 150 150 147 146 146 145 146 146 147 148 148 148 147 139
 139 147 148 148 148 147 146 146 146 147 147 148 147 146 145 140
 135 141 141 140 142 143 143 142 141 143 143 143 141 142 142 137
 132 139 140 141 141 141 141 140 141 140 141 139 139 140 137 136
 140 148 148 149 148 147 148 147 148 148 149 149 148 148 146 143
 141 149 149 150 148 147 149 149 149 149 148 148 149 149 147 144
 141 149 149 146 116  94 104 138 148 147 104 132 149 149 149 144
 141 149 149 129  67  78  69  76 133 145  76 120 149 150 149 145
 140 149 149 118  86 143 138  85  72 123  69 118 149 150 149 146
 141 149 150 132  66  79 134 139  88  61  60 118 150 149 149 145
 142 149 150 148 125 102 133 145 142 121 102 131 150 149 149 143
 141 148 149 148 129 104  99 100 100 104 126 146 149 150 148 142
 142 149 149 133  69  73  74  73  73  73  65 128 149 150 149 143
 139 149 149 119  83 141 142 141 141 140  86 109 149 149 149 142
 141 148 149 130  67  79  82  81  79  77  66 125 149 149 148 143
 140 148 149 149 124 100  94  94  95  98 121 147 149 149 148 142
 142 147 149 149 148 147 146 146 146 147 146 148 149 149 147 142
 139 147 147 149 148 147 147 146 146 146 146 148 147 147 145 142
 137 141 141 141 143 144 143 142 142 143 142 143 142 142 140 139

 123 135 134 136 137 134 135 133 133 132 133 134 132 131 130 126
 128 137 139 140 139 140 140 140 141 141 140 140 139 139 137 131
 129 138 141 142 141 142 140 141 141 142 141 141 141 140 139 132
 129 139 141 140 141 140 140 140 140 141 140 139 141 140 138 130
 131 140 140 123 110 106 107 122 136 119 101 117 137 139 138 131
 130 139 140 106  76  69  63  95 117  68  86  68 115 138 138 132
 130 138 140 138 132 114  63 111  99  73 128  80  97 138 137 132
 129 140 141 138 123  73  86 133  98  74 129  81  93 136 136 132
 129 139 140 127  77  82 128 136  98  72 129  82  93 136 137 132
 130 140 137 102  70 126 123 122  97  75 130  84  93 136 138 133
 131 138 137  95  75 129  79  96 100  69 127  80  97 137 139 133
 130 139 139 114  69  84  70 119 122  73  82  73 117 139 139 133
 130 139 141 138 122 115 124 139 138 126 117 126 140 140 139 130
 132 139 141 140 141 141 141 141 141 141 141 142 141 140 138 132
 127 137 138 138 139 140 139 139 139 140 139 140 140 138 136 131
 118 126 128 126 128 128 128 127 127 126 128 127 127 128 127 124
 133 140 142 143 143 142 143 141 142 141 140 141 140 139 140 137
 137 145 147 147 147 147 148 148 148 147 147 147 147 147 145 142
 138 147 149 149 150 149 150 150 149 150 149 149 149 148 146 142
 138 148 150 149 148 148 148 148 150 148 148 148 149 148 147 141
 139 148 149 133 120 117 118 131 146 128 110 125 146 148 148 143
 140 149 147 105  76  70  65 103 127  68  86  69 124 147 147 143
 140 148 149 146 143 121  64 121 104  72 140  78 101 146 147 143
 139 148 149 147 133  73  88 142 101  74 141  81  96 146 146 141
 139 148 148 138  77  83 139 145 100  75 141  82  95 145 146 142
 141 148 148 105  72 137 134 134 100  77 141  84  96 146 146 143
 140 148 148  95  80 142  78 104 105  73 140  80 102 146 147 143
 140 148 148 116  67  84  67 126 131  70  82  70 125 147 148 142
 141 148 149 147 131 118 131 148 148 134 119 131 149 150 148 140
 141 150 151 151 151 150 149 150 150 150 150 150 150 150 148 141
 138 147 149 150 149 150 149 149 150 151 150 150 150 149 147 141
 130 138 139 140 139 139 140 141 141 141 140 143 140 141 139 135
 136 143 144 144 145 146 145 143 142 143 142 143 142 142 142 139
 137 146 147 149 149 149 149 149 148 149 149 148 148 147 145 140
 140 148 149 149 150 150 149 149 150 150 149 149 149 149 147 142
 139 148 149 149 149 149 150 150 149 149 149 149 149 149 147 142
 139 149 148 132 120 118 118 131 146 128 109 125 147 148 148 143
 141 149 148 104  76  69  60 102 126  65  86  66 121 146 146 142
 140 148 149 147 145 123  61 121 104  73 140  77  98 147 146 143
 141 148 149 148 133  72  88 142 100  73 141  79  95 146 146 142
 140 147 149 138  76  85 139 145 100  73 141  81  94 146 146 142
 141 148 149 104  69 138 134 133  99  74 142  82  94 146 147 143
 141 147 147  94  78 143  79 102 104  73 141  79 100 147 147 144
 141 148 148 116  67  86  66 125 129  69  83  67 124 148 148 143
 141 149 150 146 129 118 132 148 148 133 119 130 149 149 149 141
 140 148 149 149 149 149 150 150 149 149 149 149 149 149 147 141
 139 148 149 149 149 149 149 149 148 149 149 148 148 147 147 141
 132 140 141 141 141 140 141 142 141 142 139 141 140 142 139 137

 126 131 132 130 131 132 132 132 132 133 133 133 130 132 131 124
 130 137 139 138 138 138 137 136 137 138 139 139 139 138 136 127
 131 139 140 140 139 138 138 136 136 136 137 139 140 140 138 128
 132 139 141 141 137 115  97  93  93  93  97 117 140 141 140 127
 134 140 141 139 117  68  80  81  82  84  80  73 126 142 140 127
 133 140 141 140 101  86 128 129 129 130 127  82 117 141 139 128
 132 141 142 141 119  68  73  74  72  75  69  73 126 141 140 126
 133 141 141 140 136 117  99  98  98  97 100 122 138 141 139 127
 133 140 141 140 122  95 111 133 136 122  96 119 139 141 139 127
 135 140 140 140 107  63  63  86 128 123  79  70 124 141 139 128
 134 140 142 140 106  69 114  73  82 126 129  84 115 141 140 128
 137 139 141 141 110  76 132 123  77  70  75  69 122 141 139 128
 136 140 142 140 123 106 138 138 127 102  95 114 138 140 138 126
 134 139 141 141 140 140 140 141 140 137 137 139 141 141 138 128
 135 137 138 139 140 139 138 140 139 140 138 139 139 139 137 126
 123 128 129 129 131 130 130 129 129 130 131 130 130 132 127 118
 137 142 142 141 143 143 143 141 142 143 143 142 140 141 141 135
 140 145 146 147 148 147 147 146 146 146 147 148 148 148 147 139
 139 147 148 148 148 147 146 146 145 146 146 147 150 150 149 141
 140 147 149 149 146 124 101  96  95  96 102 125 149 150 150 140
 141 147 149 148 125  69  78  81  82  84  80  70 131 150 150 143
 140 147 149 148 110  86 140 141 141 141 140  82 119 150 150 140
 141 147 150 148 128  68  72  74  75  77  73  70 134 150 151 141
 142 148 149 150 146 127 104 101 100 100 105 131 148 150 150 141
 141 148 150 148 131 103 121 142 145 134 104 126 148 150 149 141
 143 148 150 148 118  65  64  88 139 134  78  67 131 149 149 140
 142 147 149 148 117  70 121  73  83 137 142  84 118 150 150 139
 143 147 150 148 120  76 143 133  77  72  80  67 131 151 149 139
 143 147 149 149 133 105 146 147 138 105  95 116 147 151 150 140
 142 147 149 150 149 147 149 149 148 148 148 148 149 151 149 139
 140 145 147 148 148 149 148 148 148 148 148 148 148 150 147 138
 133 137 138 138 139 140 140 139 139 141 140 140 141 141 138 130
 139 140 142 142 143 142 143 142 142 143 144 143 141 141 141 137
 142 145 147 147 148 146 146 146 146 147 147 148 149 147 147 139
 142 147 149 149 148 146 147 146 146 146 147 148 149 149 147 142
 142 148 149 149 147 121  98  95  94  94 100 124 149 149 148 140
 143 148 149 149 125  66  77  79  81  82  79  67 130 149 148 141
 142 149 149 149 109  86 140 141 141 142 141  83 119 149 149 139
 143 149 150 149 128  65  73  73  73  74  73  69 133 149 149 142
 142 148 150 149 146 126 104 100 100  99 104 129 148 149 148 141
 143 149 149 150 131 102 121 142 145 133 102 125 148 150 149 142
 145 149 149 150 118  60  61  88 139 134  79  66 132 150 149 141
 146 149 150 149 118  69 123  72  85 138 143  86 118 149 149 140
 145 149 150 149 120  76 145 133  76  69  78  67 129 149 149 141
 144 149 149 149 132 104 147 148 138 104  94 116 146 149 149 141
 144 147 149 149 148 148 149 149 149 149 147 148 150 149 149 141
 143 146 148 148 149 149 148 148 147 148 147 148 149 148 148 140
 136 137 140 139 139 141 140 141 140 141 141 141 141 140 139 132

