 106 114 114 115 114 119 120 119 119 121 120 119 117 118 118 111
 117 125 127 129 128 128 130 129 128 129 129 129 128 127 125 120
 117 127 128 129 130 129 130 129 130 130 130 130 130 128 127 122
 121 127 128 127 113 106 117 127 129 130 122 111 128 130 127 122
 117 125 127 106  59  64  63 114 126 125  82  64 120 128 128 123
 118 124 123  87  68 117  62  95 124 111  58  55 119 127 128 122
 119 124 123  81  72 114  62  89 122  76  79  55 118 127 127 121
 120 124 123  80  72 114  63  84 105  63 105  55 115 128 128 121
 119 124 124  81  72 116  60  84  77  74  85  51  98 124 127 120
 120 124 123  85  71 115  59  86  77  61  57  48  81 126 126 120
 118 124 125 102  60  72  57 108 122 124 102  60 118 128 127 122
 120 125 127 124 102  89 107 126 128 128 120 102 125 129 128 121
 118 126 127 128 128 128 129 129 130 129 129 130 129 130 127 121
 117 125 127 129 130 129 129 129 130 131 131 129 129 129 128 119
 117 123 126 127 128 129 130 129 129 128 129 128 128 127 125 118
 115 120 122 123 121 123 125 124 122 122 122 122 120 120 118 110
 118 128 127 129 127 133 134 134 135 134 134 133 133 134 132 127
 130 138 139 141 141 141 142 141 142 141 141 141 142 140 139 135
 131 139 140 141 142 141 142 142 142 142 142 141 142 142 141 136
 133 139 140 140 124 113 127 140 141 142 132 120 139 141 141 136
 134 138 139 115  58  68  63 123 138 138  87  62 129 140 140 134
 132 137 137  90  71 132  63 101 136 123  58  55 129 140 140 135
 133 138 138  85  74 132  63  94 135  80  85  55 128 140 141 135
 132 138 137  83  74 133  64  88 119  63 118  56 127 140 140 135
 133 138 136  85  73 132  62  90  84  73  92  52 105 138 141 134
 132 137 137  89  70 131  59  92  84  63  61  51  85 139 139 133
 131 137 137 110  58  79  57 118 137 137 116  60 128 140 139 134
 131 138 138 137 113  99 119 138 140 140 132 111 137 140 140 134
 132 137 139 139 139 140 140 141 141 141 140 141 140 141 140 133
 130 137 139 140 139 139 141 141 141 141 140 141 141 140 139 132
 130 136 138 138 138 139 140 139 139 139 140 140 140 139 137 132
 127 132 133 134 134 134 134 134 135 133 133 134 132 130 129 124
 122 129 130 131 131 135 136 136 135 137 137 136 133 135 134 130
 133 138 140 141 141 141 142 142 143 142 143 143 141 142 140 137
 133 139 140 141 142 141 142 143 144 144 144 143 144 143 142 137
 136 140 140 140 124 112 129 141 142 144 134 122 141 144 142 137
 135 139 140 116  58  70  61 125 141 141  88  61 130 142 142 136
 135 139 139  90  69 135  62  99 139 123  58  55 130 142 142 136
 136 139 137  86  72 133  63  92 137  79  88  56 129 141 142 136
 135 138 139  83  71 134  62  88 119  63 118  53 127 140 141 137
 134 138 139  84  72 134  62  90  85  76  96  51 106 140 141 136
 134 139 139  89  71 133  59  94  86  64  61  50  87 141 141 135
 135 138 139 112  57  78  55 120 139 139 116  58 130 142 141 137
 135 139 140 139 114 101 120 140 142 141 132 112 139 143 142 136
 135 138 141 142 141 141 143 142 143 143 143 143 142 143 142 135
 133 139 140 140 142 143 142 143 143 142 143 143 143 142 140 134
 132 138 140 140 141 141 141 142 142 141 142 142 142 141 139 134
 131 134 136 136 136 137 138 138 137 137 136 137 136 134 133 129

 111 120 122 122 123 122 121 121 120 120 122 121 121 119 118 110
 118 125 127 127 128 128 127 128 127 126 127 128 127 128 125 118
 118 127 128 130 128 127 127 128 124 126 128 129 130 129 127 120
 117 128 130 128 120 119 118 115  98  81 118 125 129 129 128 120
 119 129 130 111  64  55  55  55  51  48  60 102 130 129 128 122
 120 129 130 122  82  58  79 105  85  57 102 120 129 131 129 122
 121 129 130 130 125 111  76  63  74  61 124 128 129 131 128 122
 119 128 130 129 126 124 122 105  77  77 122 128 130 130 129 122
 119 129 129 127 114  95  89  84  84  86 108 126 129 129 129 124
 120 130 130 117  63  62  62  63  60  59  57 107 129 129 130 125
 119 128 129 106  64 117 114 114 116 115  72  89 128 129 129 123
 114 128 130 113  59  68  72  72  72  71  60 102 128 130 128 121
 115 129 129 127 106  87  81  80  81  85 102 124 128 129 127 123
 114 127 128 128 127 123 123 123 124 123 125 127 127 127 126 122
 114 125 127 127 125 124 124 124 124 124 124 125 126 125 123 120
 106 117 117 121 117 118 119 120 119 120 118 120 118 117 117 115
 127 135 136 136 134 135 135 135 134 133 134 134 133 132 132 124
 132 139 141 141 140 140 141 140 141 139 139 140 140 139 137 129
 134 140 142 141 140 140 140 140 138 139 140 140 141 140 139 130
 133 142 142 139 129 129 128 127 105  85 128 137 140 141 140 132
 133 141 141 120  62  55  55  56  52  51  60 111 141 141 140 134
 134 141 142 132  87  58  85 118  92  61 116 132 140 140 140 133
 134 141 142 142 138 123  80  63  73  63 137 140 141 141 139 133
 135 142 142 141 138 136 135 119  84  84 137 140 141 141 139 135
 134 141 142 140 123 101  94  88  90  92 118 138 141 141 139 134
 134 142 142 127  63  63  63  64  62  59  57 119 140 141 140 134
 133 141 141 113  68 132 132 133 132 131  79  99 140 139 139 134
 127 141 142 124  58  71  74  74  73  70  58 113 139 139 138 134
 129 141 141 140 115  90  85  83  85  89 110 137 139 140 138 134
 127 139 140 140 139 137 138 137 136 137 137 138 139 139 138 133
 128 138 139 139 138 137 138 138 138 137 137 138 137 137 136 132
 118 130 131 133 134 132 133 132 133 132 131 131 132 130 130 127
 130 137 137 137 136 136 136 137 136 135 137 136 135 134 134 129
 134 140 142 142 142 142 142 141 141 141 141 142 142 140 139 133
 135 142 143 144 142 142 141 140 140 141 142 143 143 142 141 134
 133 141 144 141 130 130 129 127 106  87 130 139 142 143 142 136
 136 143 143 122  61  55  56  53  51  50  58 112 143 143 142 137
 137 143 144 134  88  58  88 118  96  61 116 132 143 143 142 136
 137 142 144 144 141 123  79  63  76  64 139 141 143 142 141 137
 135 143 144 142 141 139 137 119  85  86 139 142 143 143 142 137
 136 142 143 141 125  99  92  88  90  94 120 140 142 143 142 138
 136 142 142 129  61  62  63  62  62  59  55 120 143 142 141 138
 135 141 141 112  70 135 133 134 134 133  78 101 141 143 141 137
 131 141 142 124  58  69  72  71  72  71  57 114 141 142 141 136
 131 141 141 140 116  90  86  83  84  89 112 139 142 140 140 136
 130 140 140 140 140 139 137 139 139 139 139 140 141 140 140 136
 129 138 139 140 139 139 139 138 138 139 138 139 138 139 138 134
 122 133 133 136 135 135 136 135 134 134 135 135 135 133 132 131

 110 118 120 120 122 122 122 122 124 125 123 121 123 122 120 115
 118 125 127 128 128 129 128 129 129 130 129 128 127 126 123 117
 119 128 129 129 129 131 131 130 129 129 129 130 129 127 125 117
 121 127 130 129 130 129 129 130 129 129 128 128 128 127 126 118
 121 128 129 125 102 120 128 128 126 107  89 102 124 127 125 120
 122 127 128 118  60 102 124 122 108  57  72  60 102 125 124 118
 120 126 126  81  48  57  61  77  86  59 115  71  85 123 124 120
 120 127 124  98  51  85  74  77  84  60 116  72  81 124 124 119
 121 128 128 115  55 105  63 105  84  63 114  72  80 123 124 120
 121 127 127 118  55  79  76 122  89  62 114  72  81 123 124 119
 122 128 127 119  55  58 111 124  95  62 117  68  87 123 124 118
 123 128 128 120  64  82 125 126 114  63  64  59 106 127 125 117
 122 127 130 128 111 122 130 129 127 117 106 113 127 128 127 121
 122 127 128 130 130 130 130 130 129 130 129 130 129 128 127 117
 120 125 127 128 129 129 129 128 129 130 128 128 129 127 125 117
 111 118 118 117 119 120 121 119 119 120 119 114 115 114 114 106
 124 129 130 132 134 133 133 135 134 134 134 134 134 133 132 127
 132 137 139 140 140 140 139 139 139 140 139 138 138 138 136 130
 132 139 140 141 141 140 141 141 141 141 139 139 140 139 137 130
 133 140 141 140 141 140 141 141 141 140 140 139 139 139 137 132
 134 140 140 137 111 132 140 140 138 119  99 113 137 138 138 131
 134 139 140 128  60 116 137 137 118  57  79  58 110 137 137 131
 133 139 139  85  51  61  63  84  92  59 131  70  89 137 137 132
 134 141 138 105  52  92  73  84  90  62 132  73  85 136 138 133
 135 140 140 127  56 118  63 119  88  64 133  74  83 137 138 132
 135 141 140 128  55  85  80 135  94  63 132  74  85 138 138 133
 135 140 140 129  55  58 123 136 101  63 132  71  90 137 137 132
 134 140 140 129  62  87 138 138 123  63  68  58 115 139 138 134
 136 141 141 139 120 132 142 141 140 127 113 124 140 140 139 133
 136 141 142 142 141 142 142 142 142 142 141 142 141 140 139 131
 135 139 140 142 141 141 141 142 141 142 141 141 141 139 138 130
 127 132 134 133 133 134 134 135 134 134 133 127 129 127 128 118
 129 133 134 136 137 136 137 137 138 138 137 136 136 136 134 131
 134 139 141 142 142 142 141 142 142 141 141 141 140 140 138 132
 134 140 142 143 143 143 142 143 143 142 143 142 140 140 139 133
 135 142 143 142 143 143 143 143 142 143 141 141 142 141 138 135
 136 142 143 139 112 132 141 142 140 120 101 114 139 140 139 135
 137 141 142 130  58 116 139 139 120  55  78  57 112 139 138 135
 135 141 141  87  50  61  64  86  94  59 133  71  89 139 139 134
 136 141 140 106  51  96  76  85  90  62 134  72  84 139 138 134
 137 141 140 127  53 118  63 119  88  62 134  71  83 139 138 135
 136 142 141 129  56  88  79 137  92  63 133  72  86 137 139 136
 136 142 142 130  55  58 123 139  99  62 135  69  90 139 139 135
 136 142 142 130  61  88 141 141 125  61  70  58 116 140 139 135
 137 142 144 141 122 134 144 142 141 129 112 124 140 140 140 136
 137 142 143 144 143 144 144 144 143 142 141 142 141 140 139 133
 137 140 142 141 143 143 142 143 142 142 141 141 141 140 138 133
 130 134 135 133 136 137 137 135 136 136 135 131 131 130 129 122

 115 117 117 118 120 118 120 119 120 119 118 117 121 117 117 106
 120 123 125 126 125 124 124 124 124 124 124 125 127 127 125 114
 122 126 127 127 127 125 123 124 123 123 123 127 128 128 127 114
 123 127 129 128 124 102  85  81  80  81  87 106 127 129 129 115
 121 128 130 128 102  60  71  72  72  72  68  59 113 130 128 114
 123 129 129 128  89  72 115 116 114 114 117  64 106 129 128 119
 125 130 129 129 107  57  59  60  63  62  62  63 117 130 130 120
 124 129 129 129 126 108  86  84  84  89  95 114 127 129 129 119
 122 129 130 130 128 122  77  77 105 122 124 126 129 130 128 119
 122 128 131 129 128 124  61  74  63  76 111 125 130 130 129 121
 122 129 131 129 120 102  57  85 105  79  58  82 122 130 129 120
 122 128 129 130 102  60  48  51  55  55  55  64 111 130 129 119
 120 128 129 129 125 118  81  98 115 118 119 120 128 130 128 117
 120 127 129 130 129 128 126 124 128 127 127 128 130 128 127 118
 118 125 128 127 128 127 126 127 128 127 128 128 127 127 125 118
 110 118 119 121 121 122 120 120 121 121 122 123 122 122 120 111
 127 130 130 132 131 131 132 133 132 133 132 134 133 131 130 118
 132 136 137 137 138 137 137 138 138 138 137 138 139 139 138 128
 133 138 139 139 138 137 137 136 137 138 137 139 140 140 139 127
 134 138 140 139 137 110  89  85  83  85  90 115 140 141 141 129
 134 138 139 139 113  58  70  73  74  74  71  58 124 142 141 127
 134 139 139 140  99  79 131 132 133 132 132  68 113 141 141 133
 134 140 141 140 119  57  59  62  64  63  63  63 127 142 142 134
 134 139 141 141 138 118  92  90  88  94 101 123 140 142 141 134
 135 139 141 141 140 137  84  84 119 135 136 138 141 142 142 135
 133 139 141 141 140 137  63  73  63  80 123 138 142 142 141 134
 133 140 140 140 132 116  61  92 118  85  58  87 132 142 141 134
 134 140 141 141 111  60  51  52  56  55  55  62 120 141 141 133
 132 140 141 140 137 128  85 105 127 128 129 129 139 142 142 133
 130 139 140 141 140 140 139 138 140 140 140 140 141 142 140 134
 129 137 139 140 140 139 139 141 140 141 140 140 141 141 139 132
 124 132 132 133 134 134 133 134 135 135 135 134 136 136 135 127
 131 132 133 135 135 135 134 134 135 136 135 135 136 133 133 122
 134 138 139 138 139 138 139 138 138 139 139 139 140 139 138 129
 136 140 140 141 140 139 139 139 139 137 139 140 140 140 140 130
 136 140 140 142 139 112  89  84  83  86  90 116 140 141 141 131
 136 141 142 141 114  57  71  72  71  72  69  58 124 142 141 131
 137 141 143 141 101  78 133 134 134 133 135  70 112 141 141 135
 138 141 142 143 120  55  59  62  62  63  62  61 129 142 142 136
 138 142 143 142 140 120  94  90  88  92  99 125 141 143 142 136
 137 142 143 143 142 139  86  85 119 137 139 141 142 144 143 135
 137 141 142 143 141 139  64  76  63  79 123 141 144 144 142 137
 136 142 143 143 132 116  61  96 118  88  58  88 134 144 143 137
 137 142 143 143 112  58  50  51  53  56  55  61 122 143 143 136
 136 142 143 142 139 130  87 106 127 129 130 130 141 144 141 133
 134 141 142 143 143 142 141 140 140 141 142 142 144 143 142 135
 133 139 140 142 142 141 141 141 141 142 142 142 142 142 140 134
 129 134 134 135 136 137 135 136 137 136 136 136 137 137 137 130

