 113 121 121 120 126 127 129 130 129 130 130 128 130 125 123 120
 130 138 139 137 137 138 138 139 141 141 142 142 142 140 139 136
 133 138 138 138 137 138 139 140 142 142 142 143 143 142 142 138
 131 139 138 139 139 139 140 141 142 142 143 142 143 142 142 138
 134 139 139 139 139 140 141 142 142 142 143 143 143 143 140 137
 133 138 137 135  94  79 102 140 142 126  88 126 142 141 140 137
 134 138 138 103  97 134  78 113 142  95  73 114 143 141 140 137
 134 138 138  83 127 139 109  86 142 141  86 114 144 143 141 138
 135 138 138  79 134 140 118  84 142 142  87 115 143 142 142 139
 133 138 137  82 130 141 112  92 143 143  92 117 143 143 143 140
 132 138 139 106 101 136  84 120 143 144  91 116 143 143 143 140
 133 139 138 136 101  93 106 141 143 143 106 124 144 145 143 140
 133 138 140 140 140 142 142 144 143 144 142 143 143 143 143 141
 133 139 140 141 142 143 143 144 143 143 143 145 144 143 143 139
 130 137 139 140 140 141 143 143 143 143 143 143 145 143 142 139
 121 126 128 129 131 131 132 133 134 135 138 139 140 139 140 138
 122 135 134 133 140 142 143 144 142 144 143 142 142 139 137 134
 142 151 150 148 148 149 151 152 153 153 154 154 154 152 153 150
 144 151 150 149 150 150 151 152 154 154 154 154 154 153 153 151
 143 151 150 149 149 150 151 152 153 154 154 155 155 153 153 149
 144 150 150 150 149 150 151 151 152 154 155 154 154 154 153 150
 144 150 149 147 100  82 105 151 153 137  91 135 154 153 152 150
 145 149 149 109 102 147  82 119 152 102  77 121 154 154 152 149
 145 149 148  85 137 151 118  87 152 153  90 120 154 154 153 151
 144 148 148  83 142 151 126  84 153 153  92 121 154 154 153 150
 144 148 148  86 138 151 117  95 152 153  95 121 154 154 154 151
 143 147 148 112 103 146  84 129 152 153  95 122 154 154 153 151
 144 148 148 147 108  95 114 152 153 154 115 132 153 155 154 150
 143 148 150 150 150 151 152 152 153 153 153 153 154 153 153 151
 143 147 150 150 150 151 153 153 153 153 153 152 153 153 153 150
 140 146 148 150 150 151 152 152 152 152 152 152 153 153 152 149
 130 135 137 139 140 140 142 142 143 145 147 148 149 149 150 148
 123 135 134 133 139 142 141 142 142 143 142 141 141 139 136 133
 141 149 149 146 146 148 150 150 151 151 152 152 152 152 151 148
 143 149 148 147 148 148 149 150 152 152 153 153 153 151 151 149
 143 149 148 148 148 148 149 150 151 152 153 153 153 152 151 149
 146 148 148 148 147 148 149 151 152 152 153 153 153 152 151 148
 145 148 148 145  99  83 105 150 151 135  89 134 153 153 152 148
 145 148 147 105 101 146  78 117 151 101  75 119 153 153 152 149
 144 147 147  83 137 149 115  87 151 151  88 119 153 153 152 149
 144 147 148  81 142 149 124  83 152 152  90 120 153 153 153 150
 143 147 147  86 137 149 115  95 152 152  93 121 152 153 153 150
 143 147 148 111 104 146  82 129 152 152  93 121 152 152 153 151
 144 147 148 147 108  97 113 151 152 153 113 130 152 154 152 150
 143 148 148 149 151 150 151 152 152 152 152 152 152 152 153 151
 142 148 149 150 151 151 151 152 152 152 153 153 152 153 152 149
 140 146 148 149 149 150 151 152 152 152 151 152 153 152 151 148
 131 135 137 139 141 140 142 143 144 146 148 148 149 149 150 147

 120 136 138 138 137 137 137 138 139 140 140 140 141 139 139 138
 123 139 142 142 140 140 140 141 142 143 143 143 143 143 142 140
 125 140 142 142 143 141 141 143 142 143 143 145 143 143 143 139
 130 142 143 143 143 142 143 144 143 143 143 144 143 144 145 140
 128 142 143 142 143 126 114 114 115 117 116 124 143 145 143 139
 130 142 142 143 143  88  73  86  87  92  91 106 142 143 143 138
 130 141 142 142 142 126  95 141 142 143 144 143 144 143 143 135
 129 141 142 142 142 142 142 142 142 143 143 143 143 143 143 134
 130 139 140 141 142 140 113  86  84  92 120 141 144 144 143 133
 129 138 139 140 141 102  78 109 118 112  84 106 142 143 143 132
 127 138 138 139 140  79 134 139 140 141 136  93 142 143 141 131
 126 137 137 139 139  94  97 127 134 130 101 101 140 142 140 131
 120 137 138 139 139 135 103  83  79  82 106 136 140 141 140 129
 121 139 138 138 139 137 138 138 138 137 139 138 140 140 139 128
 121 138 138 139 139 138 138 138 138 138 138 139 138 139 137 126
 113 130 133 131 134 133 134 134 135 133 132 133 133 133 130 121
 134 150 151 149 150 150 149 151 150 151 151 150 151 150 149 148
 137 153 153 153 153 152 152 153 153 154 153 154 153 153 152 150
 139 152 153 153 154 153 154 154 154 154 154 155 153 153 153 149
 142 154 154 155 154 154 154 154 154 154 154 153 154 153 153 149
 142 154 154 155 154 135 121 120 121 121 122 132 153 152 152 148
 143 154 154 154 155  91  77  90  92  95  95 115 153 153 152 147
 144 153 154 154 154 137 102 153 153 153 153 154 153 153 152 145
 142 153 154 153 152 153 152 152 153 152 152 153 153 153 152 143
 144 152 152 152 151 151 119  87  84  95 129 152 152 153 152 142
 143 151 151 151 151 105  82 118 126 117  84 114 152 153 152 142
 142 149 150 150 150  82 147 151 151 151 146  95 151 151 151 140
 140 148 150 149 149 100 102 137 142 138 103 108 150 150 150 140
 133 148 149 149 150 147 109  85  83  86 112 147 150 150 150 139
 134 150 150 150 150 149 149 148 148 148 148 148 150 150 148 137
 135 151 151 151 150 150 149 149 148 148 147 148 148 147 146 135
 122 142 144 143 144 144 145 145 144 144 143 144 143 143 140 130
 133 148 149 149 148 148 149 149 150 150 151 150 151 149 148 147
 136 151 151 151 151 152 152 152 153 153 153 152 153 152 151 150
 139 152 151 152 152 153 153 153 153 153 152 154 152 153 152 149
 141 152 153 153 153 153 153 153 153 152 152 152 152 152 153 149
 141 152 153 153 153 134 119 119 120 121 121 130 152 153 152 148
 142 152 153 153 153  89  75  88  90  93  93 113 152 153 151 148
 143 151 152 152 152 135 101 151 152 152 152 153 152 152 152 146
 142 151 152 151 152 151 151 151 152 152 152 152 152 152 152 144
 142 150 150 150 151 150 117  87  83  95 129 151 152 152 152 143
 141 150 149 149 149 105  78 115 124 115  82 113 151 151 151 142
 142 148 148 148 148  83 146 149 149 149 146  97 150 151 150 140
 139 146 148 148 147  99 101 137 142 137 104 108 151 151 149 141
 133 146 147 148 148 145 105  83  81  86 111 147 149 150 149 139
 134 149 148 148 148 148 147 147 148 147 148 148 148 149 148 137
 135 149 149 149 148 148 148 147 147 147 147 147 148 148 146 135
 123 141 143 143 146 145 145 144 144 143 143 144 143 142 140 131

 138 140 139 140 139 138 135 134 133 132 131 131 129 128 126 121
 139 142 143 145 143 143 143 143 143 143 141 140 140 139 137 130
 139 143 143 144 145 143 143 143 144 143 143 142 141 140 139 133
 141 143 143 143 143 142 144 143 144 142 142 140 140 140 138 133
 140 143 145 144 124 106 143 143 141 106  93 101 136 138 139 133
 140 143 143 143 116  91 144 143 120  84 136 101 106 139 138 132
 140 143 143 143 117  92 143 143  92 112 141 130  82 137 138 133
 139 142 142 143 115  87 142 142  84 118 140 134  79 138 138 135
 138 141 143 144 114  86 141 142  86 109 139 127  83 138 138 134
 137 140 141 143 114  73  95 142 113  78 134  97 103 138 138 134
 137 140 141 142 126  88 126 142 140 102  79  94 135 137 138 133
 137 140 143 143 143 143 142 142 142 141 140 139 139 139 139 134
 138 142 142 143 142 143 142 142 141 140 139 139 139 138 139 131
 138 142 142 143 143 142 142 142 140 139 138 137 138 138 138 133
 136 139 140 142 142 142 141 141 139 138 138 137 137 139 138 130
 120 123 125 130 128 130 130 129 130 129 127 126 120 121 121 113
 148 150 149 149 148 147 145 143 142 142 140 140 139 137 135 130
 149 152 153 153 152 152 152 152 152 152 151 150 150 148 146 140
 150 153 153 153 152 153 153 153 153 153 151 150 150 150 147 143
 151 153 153 154 153 153 153 153 152 152 151 150 150 150 148 143
 150 154 155 153 132 115 154 153 152 114  95 108 147 148 148 144
 151 153 154 154 122  95 153 152 129  84 146 103 112 148 147 143
 151 154 154 154 121  95 153 152  95 117 151 138  86 148 148 144
 150 153 154 154 121  92 153 153  84 126 151 142  83 148 148 144
 151 153 154 154 120  90 153 152  87 118 151 137  85 148 149 145
 149 152 154 154 121  77 102 152 119  82 147 102 109 149 149 145
 150 152 153 154 135  91 137 153 151 105  82 100 147 149 150 144
 150 153 154 154 154 155 154 152 151 151 150 149 150 150 150 144
 149 153 153 155 155 154 154 153 152 151 150 149 149 150 151 143
 151 153 153 154 154 154 154 154 152 151 150 150 149 150 151 144
 150 153 152 154 154 154 153 153 152 151 149 148 148 150 151 142
 134 137 139 142 142 143 144 142 144 143 142 140 133 134 135 122
 147 150 149 149 148 148 146 144 143 142 140 141 139 137 135 131
 148 151 152 153 152 151 152 152 152 151 150 149 149 148 146 140
 149 152 153 152 153 153 152 152 152 151 151 151 150 149 148 142
 151 153 152 152 152 152 152 152 152 151 150 151 149 148 148 143
 150 152 154 152 130 113 153 152 151 113  97 108 147 148 147 144
 151 153 152 152 121  93 152 152 129  82 146 104 111 148 147 143
 150 153 153 152 121  93 152 152  95 115 149 137  86 147 147 143
 150 153 153 153 120  90 152 152  83 124 149 142  81 148 147 144
 149 152 153 153 119  88 151 151  87 115 149 137  83 147 147 144
 149 152 153 153 119  75 101 151 117  78 146 101 105 147 148 145
 148 152 153 153 134  89 135 151 150 105  83  99 145 148 148 145
 148 151 152 153 153 153 152 152 151 149 148 147 148 148 148 146
 149 151 152 153 153 153 152 151 150 149 148 148 148 148 149 143
 149 151 151 153 153 153 152 152 150 149 148 148 147 148 149 143
 148 151 152 152 152 152 151 151 150 150 148 146 146 149 149 141
 133 136 139 141 141 142 143 142 142 141 142 139 133 134 135 123

 121 130 133 133 133 132 133 135 134 134 133 134 131 133 130 113
 126 137 139 138 139 138 138 138 138 138 138 139 139 138 138 121
 128 139 140 140 138 139 137 138 138 138 137 139 138 138 139 121
 129 140 141 140 136 106  82  79  83 103 135 139 139 138 137 120
 131 140 142 140 101 101 130 134 127  97  94 139 139 137 137 126
 131 141 143 142  93 136 141 140 139 134  79 140 139 138 138 127
 132 143 143 142 106  84 112 118 109  78 102 141 140 139 138 129
 133 143 144 144 141 120  92  84  86 113 140 142 141 140 139 130
 134 143 143 143 143 143 143 142 142 142 142 142 142 142 141 129
 135 143 143 144 143 144 143 142 141  95 126 142 142 142 141 130
 138 143 143 142 106  91  92  87  86  73  88 143 143 142 142 130
 139 143 145 143 124 116 117 115 114 114 126 143 142 143 142 128
 140 145 144 143 144 143 143 143 144 143 142 143 143 143 142 130
 139 143 143 143 145 143 143 142 143 141 141 143 142 142 140 125
 140 142 143 143 143 143 143 142 141 140 140 140 142 142 139 123
 138 139 139 141 140 140 140 139 138 137 137 137 138 138 136 120
 130 140 143 143 144 143 144 144 145 145 144 144 143 144 142 122
 135 146 147 148 148 147 148 148 149 149 150 150 151 151 151 135
 137 148 150 150 148 148 148 148 148 149 149 150 150 150 150 134
 139 150 150 150 147 112  86  83  85 109 147 150 149 149 148 133
 140 150 150 150 108 103 138 142 137 102 100 149 149 150 148 140
 140 151 151 151  95 146 151 151 151 147  82 150 150 150 149 142
 142 152 153 152 114  84 117 126 118  82 105 151 151 151 151 143
 142 152 153 152 152 129  95  84  87 119 151 151 152 152 152 144
 143 152 153 153 153 152 152 153 152 152 153 152 153 154 153 142
 145 152 153 153 154 153 153 153 153 102 137 154 154 154 153 144
 147 152 153 153 115  95  95  92  90  77  91 155 154 154 154 143
 148 152 152 153 132 122 121 121 120 121 135 154 155 154 154 142
 149 153 153 154 153 154 154 154 154 154 154 154 155 154 154 142
 149 153 153 153 155 154 154 154 154 154 153 154 153 153 152 139
 150 152 153 153 154 153 154 153 153 152 152 153 153 153 153 137
 148 149 150 151 150 151 151 150 151 149 150 150 149 151 150 134
 131 140 142 143 144 143 143 144 144 145 145 146 143 143 141 123
 135 146 148 148 147 147 147 147 147 148 148 148 149 149 149 135
 137 148 149 148 148 148 147 148 147 147 148 148 148 148 149 134
 139 149 150 149 147 111  86  81  83 105 145 148 148 147 146 133
 141 149 151 151 108 104 137 142 137 101  99 147 148 148 146 139
 140 150 151 150  97 146 149 149 149 146  83 148 148 148 148 142
 142 151 151 151 113  82 115 124 115  78 105 149 149 149 150 141
 143 152 152 152 151 129  95  83  87 117 150 151 150 150 150 142
 144 152 152 152 152 152 152 152 151 151 151 152 151 152 151 142
 146 152 152 152 153 152 152 152 151 101 135 152 152 152 151 143
 148 151 153 152 113  93  93  90  88  75  89 153 153 153 152 142
 148 152 153 152 130 121 121 120 119 119 134 153 153 153 152 141
 149 153 152 152 152 152 152 153 153 153 153 153 153 153 152 141
 149 152 153 152 154 152 153 153 153 153 153 152 152 151 152 139
 150 151 152 153 152 153 153 153 152 152 152 151 151 151 151 136
 147 148 149 151 150 151 150 150 149 149 148 148 149 149 148 133

